170315401014000
170315401011019
170315501002000
170315501002000
170315401012012
170315401012012
170315401011008
170315401021052
170315401013008
170315401014015
170315401012014
170315401012014
170315501001069
170315401011002
170315401013010
170315401011003
170315401011001
170315401013010
170315401014011
170315401013005
170315501006039
170315401014010
170315401023006
170315401012002
170315401013003
170315502002124
170315401013003
170315401013000
170315401013000
170315401021053
170315401021053
170315502002013
170315401013002
170315401011001
170315401022021
170315401022021
170315501006027
170315401022016
170315401022013
170315401022017
170315401022014
170315401022013
170315501006020
170315401022011
170315401022008
170315502002029
170315502002029
170315401021040
170315401021040
170315401021040
170315401021041
170315401021041
170315401022005
170315305033043
170315502001057
170315305031008
170315305033049
170315305032053
170315305032053
170315305032058
170315306001024
170315305032050
170315401021008
170315305032013
170315305021012
170315305032036
170315306002028
170318388002094
170315305032005
170315305021006
170315305032029
170315305021007
170315305032019
170315305032030
170315305032007
170315305032002
170315304001023
170315304001018
170315304001033
170315305013017
170315305012031
170315304001032
170315304002032
170315306002018
170315304001030
170315305012020
170315304001026
170315305012029
170315305012023
170315306002012
170315304001014
170315305013005
170315305014026
170315306002000
170315306002005
170315306002003
170315305012016
170315304001015
170315305012014
170315306001030
170315306001030
170315305012019
170315306001015
170315305014014
170315306003023
170315306003023
170315305014019
170315305011028
170315306003021
170315305012007
170315305012007
170315305011038
170315305014010
170315306001010
170315305011014
170315305011017
170315305011017
170315306003019
170315306003014
170315306003014
170315305011016
170315305011009
170315305011017
170315305011011
170315305011025
170315306001008
170315305011026
170315305011026
170315305011021
170315305014005
170315305011025
170317505004003
170315305014006
170315303001009
170315305011003
170315305011001
170315302002025
170315302002001
170315302002000
170315302002021
170315302002010
170315302002002
170315303001023
170315302002012
170315302004064
170315302002005
170315302001013
170315301001024
170315301001007
170317505004025
170317505004025
170315302004063
170315303003019
170315302004063
170315302005055
170318388002126
170315303001018
170315303001017
170315301002018
170315302005057
170315302004063
170315303001011
170315302005045
170315302005045
170315302004054
170315301001020
170315302004054
170315302005025
170315302005041
170315302005023
170315301002002
170315302005030
170315303001006
170315301002012
170315302004054
170317505004021
170315301002003
170315303004012
170315303001006
170315303003006
170317505004033
170315303002018
170315301002004
170315303002014
170315303004013
170315302001008
170315302005012
170315302001008
170317505004034
170315303003013
170317505004034
170315302005017
170315303001003
170315302005002
170315303001006
170315303003013
170315302005009
170315302004050
170315302004050
170315302001001
170315302004025
170315302005005
170315302004038
170315302001006
170315302001007
170315302001027
170315301001018
170315301001016
170315301001013
170315302004017
170315302004017
170315303002011
170315302004022
170317505002000
170318388002091
170315302004035
170315303004002
170317506001030
170317506001030
170314912002021
170314912002020
170315302004006
170314912001022
170315302004001
170314913003015
170314914003016
170314914003023
170315003002027
170315003002027
170315003002027
170317504003002
170317505001007
170314914002026
170314913002012
170315205003024
170314913002013
170314913003007
170314913003014
170317506002011
170314914003011
170317506002000
170314914003017
170314914003011
170314913003014
170314913003010
170317506004031
170317506002002
170317506002000
170317506002000
170318388002093
170317505003038
170317505003040
170314913003006
170314914002021
170314914002020
170314914003013
170314914002017
170314914002018
170314912002000
170317506001004
170317506003018
170314914003020
170314914003013
170314914002021
170314914002011
170314914003010
170317401004027
170317505003023
170314913003000
170314914002001
170314914002001
170314914002001
170317506003018
170317506003018
170315206001036
170317506003021
170317506003017
170317505003015
170314913004013
170315003001012
170314914001009
170314913001010
170317506003009
170317506004015
170317506001005
170314912003007
170314913004015
170314913004014
170314913001007
170314913001008
170317401004018
170317506003006
170314912003009
170314914003003
170317505001002
170317505001002
170317505001002
170314912003002
170314912001013
170314914001009
170314914003008
170314914001003
170317506003002
170317501004019
170314912003004
170314913004001
170314913004001
170314914001005
170314913001001
170315002002007
170314909011026
170317501004029
170317501004028
170314911004028
170314911004027
170314909011019
170314911003016
170317503002002
170314911003016
170314909013021
170314909012021
170317501003034
170317501004007
170314909011020
170314911003013
170314910002029
170317501004011
170317501004007
170314910005036
170314909012009
170314911003011
170314910002011
170314911003011
170314909012030
170314909011019
170317501003021
170314910005029
170314910002002
170314909011017
170315203004019
170315205002029
170315203004025
170315203004021
170317501002008
170314910004039
170314910004039
170314909012003
170317501001004
170314909013014
170314909012003
170314909012013
170314910005011
170315203004017
170314911002018
170314911002018
170314909013001
170314909013007
170317501003004
170314909012002
170314910004031
170314909013007
170314909022054
170314910004033
170314910004016
170314909021029
170314910004016
170314910004019
170314910004023
170314909023028
170318388001013
170317207001014
170315204002004
170314910004008
170318388001013
170318388001010
170314910005006
170314909022048
170314909022042
170315203003005
170315002002011
170314909021019
170315002001000
170314910005002
170314910005002
170315204002012
170318388002053
170318388002052
170314909023008
170314909022043
170314910004005
170314909022041
170317307001018
170315002002014
170314910004001
170314910004001
170318388002057
170314911002002
170314911002002
170314909022042
170314910004007
170314910003015
170314911001004
170314910003011
170314910003011
170314909022041
170315203002000
170318388002043
170318388002051
170314909022034
170315002001022
170317307002028
170318388002051
170317307002033
170318388002045
170314909022037
170314909022037
170318388002043
170317307002027
170314910001012
170314911001021
170317307001013
170317307002025
170314910003009
170314910001015
170317307002027
170314909024027
170314909022029
170314909022028
170315002001002
170317307001005
170314911001016
170314911001003
170314911001003
170315002001013
170315002001014
170314909022030
170315203001017
170315203001017
170315002001000
170315002001000
170314910003005
170314909022014
170318388002040
170314911005012
170314911005004
170314909022020
170314909024022
170315002001009
170317306002062
170317306003030
170314911005002
170317305002040
170314907003026
170314907002019
170315203001004
170315001004030
170315203001003
170315203001003
170318388002074
170314907003025
170317306002050
170314908005019
170317306003030
170317306002059
170317306003030
170314907002014
170314907002014
170314907002008
170314908005008
170317305002037
170315102003031
170314907002011
170314908005009
170315103004044
170315102003032
170315103003021
170314908005006
170317305003013
170314907002003
170315102003011
170314907003007
170314908001010
170314908003034
170314908005002
170314908005002
170315103004036
170317305003006
170317305002018
170317305003007
170314908003032
170314908003035
170314908002001
170314908002001
170314908003027
170317204001002
170315001004016
170314907001012
170314907001012
170314908003020
170314908003020
170314908003022
170314908003014
170315102003007
170317202003018
170317306002004
170317306002026
170315102003001
170315102003001
170317306002004
170314907001003
170314907001003
170314907003004
170315103004016
170315103004019
170317306003001
170317306003001
170317202001009
170317306001000
170317306003001
170314908003003
170315102002006
170315102002006
170315103004015
170317304003014
170315103001017
170317304003027
170317304004018
170317304003010
170315103004001
170317305004032
170315201001040
170317304004010
170314905002022
170317305001019
170314905002019
170314906001037
170317304002015
170317304002017
170317304001016
170317304001013
170315101002034
170315201001031
170317304001020
170317305004026
170315103002036
170317304001017
170315102002001
170317202001001
170314905002013
170315103001008
170315001003002
170315103002024
170315103002027
170317305004016
170314906001018
170315103002026
170315103002026
170314906001018
170315202001003
170318340001034
170318340002033
170314905001004
170314904001014
170315103002024
170315103001011
170317302011013
170315202001005
170315103002006
170315102001006
170318340002026
170317302012020
170315103002006
170315103002010
170315103001006
170317302015014
170318340002023
170314805002054
170314904001025
170317302011008
170314904001025
170317302011011
170314904001016
170314904001016
170314903002024
170314904001023
170314904001022
170318340001033
170314701002051
170317302023001
170314805002047
170317301002006
170314904001019
170317302022017
170314409002019
170318340002020
170314701001034
170318340002018
170317301002007
170314701002051
170314409002019
170314701001032
170318340001033
170314804003017
170314804003020
170314701001031
170314408002016
170314701001031
170314701001031
170317302015001
170314805002016
170314701002048
170314701002009
170317302012017
170317303001022
170317301003012
170317302012013
170317301001008
170317302022014
170314804004024
170314804004024
170317302015001
170317302012013
170317301001005
170314701001014
170314409002012
170314409002007
170314409002008
170314701001018
170314701001017
170314701001018
170314701001018
170314804004003
170314701001021
170314701001025
170314804004004
170314803002007
170314803002007
170314803002007
170314803002007
170314804004004
170314803002013
170314409003024
170314409003024
170314409002005
170314409002005
170317303001021
170314408002015
170317302014021
170317303001018
170317302014015
170317302013026
170317302013023
170317303001011
170314610001024
170314701001010
170314610001049
170314409003015
170317303001003
170318340002003
170317302014018
170317302014018
170314701001002
170314701002013
170314805003019
170314804005018
170314804005018
170318340001020
170318340002006
170318340002003
170314804005003
170317201002016
170314610001034
170317303001019
170314409001018
170314409001020
170314610001018
170314610001018
170317302014018
170314804005017
170314610001031
170317302014018
170314610001018
170317303001004
170314804005015
170317302022007
170317302022007
170317303001020
170318340001013
170318340001013
170317302013014
170317303001003
170317302014018
170318339002029
170317303001003
170317115002037
170318339001022
170317302013013
170314804006017
170317302021007
170314701002036
170314804006018
170314408002006
170314804006016
170317115002016
170318339002016
170318339002016
170314409001007
170318339002018
170314408002002
170314408002003
170317302014000
170317302022002
170317302012001
170317113002025
170317302022002
170317302014007
170317302021007
170317113002013
170317115002016
170317115002011
170317115002011
170317115001011
170318339001007
170314409001001
170318339001009
170317113002006
170317113002006
170317113002008
170318339001016
170318340001003
170314407002013
170317115001018
170317114003020
170317114002026
170317113002002
170314407001019
170314406001003
170317115001019
170317115001018
170314408001013
170314606001017
170318340001002
170314407001013
170314407001013
170314408001014
170317114003020
170314406002008
170314802002007
170314801001018
170318220002000
170317113001011
170314407001007
170314607002006
170318340001004
170317113001012
170317114001012
170317114001012
170314607002003
170314607002006
170317114003012
170317114001013
170317114001006
170317114001006
170317115002022
170317114003002
170314406001003
170314607003005
170314406002012
170314407001006
170317113001005
170314407001005
170314407001005
170314408001006
170318424002070
170314408001007
170317111003021
170317114001003
170317111002022
170317115002000
170314801001027
170317114002005
170317110002031
170314408001001
170318424002071
170314801002026
170314407002001
170314606001007
170317109002045
170317109002040
170314403001014
170314607003007
170314402023015
170314402023015
170314402023015
170314607003001
170314606001006
170314607003006
170317112003014
170314401021009
170314802002015
170314606001001
170314607003001
170314606001004
170317111003019
170317110002019
170314607003007
170314607001004
170314607003006
170314607003006
170314607003006
170317111003016
170317110002028
170317110002022
170317112003011
170314503003028
170317111003017
170317111003016
170317111003019
170317110003012
170314606001007
170317110003015
170317111002017
170314607003005
170314607003005
170314607003002
170314602002018
170314602002029
170314402023012
170314401021010
170317004023025
170314503003023
170314503003018
170317005022020
170314604004013
170314604004014
170314604004014
170317112004048
170317112002011
170314603012012
170317111003012
170314604004009
170317112002010
170314603012013
170317112002014
170317112002014
170317110002016
170317110002018
170317110002018
170317111001014
170317110002014
170317109002014
170314603011003
170317112003003
170317112002004
170317111002004
170317109002017
170317109002025
170314503004008
170314605003024
170317005022010
170317005022010
170314401022005
170314604004002
170314604004002
170314603011014
170317109002017
170314503003013
170314403002025
170314503003014
170317004023017
170314605003024
170314604004002
170314603011005
170314603011014
170317111001007
170314603011004
170314603011015
170314603011009
170317112004033
170317110002010
170317109002006
170314503003004
170317003023002
170317110001013
170317111003006
170317109002010
170314603013014
170318343003020
170314402023005
170317112002005
170317003022003
170317111003009
170317110001009
170317004011066
170314402023001
170314402023001
170314503001049
170318343003018
170314503002020
170314503002020
170314605003014
170314503002014
170314503001049
170314503001049
170314602001008
170314603013014
170317112001025
170314603013002
170314401023001
170314401021006
170314602001007
170314604003003
170314603013005
170314503002004
170317112001025
170314602002004
170317112001021
170317110002000
170318424002044
170314604003015
170314604003015
170317005016021
170314603013008
170317110002002
170317003012007
170317112001019
170317109002002
170317110002005
170314602002001
170314402021018
170314401021006
170314604003006
170314603023013
170314604003001
170314503002004
170317005014040
170314603023000
170314402021002
170314605004011
170318343003000
170314602001003
170314603023008
170314602002000
170318424002024
170317108006011
170317107004010
170317107004011
170314605004010
170314602002002
170317108006014
170314603024030
170317109001028
170317109001017
170314601004012
170314601004007
170318424003036
170314603024019
170317003013006
170318424003029
170314401024004
170314401024002
170314402021003
170314401021002
170318343001023
170314402021000
170314401021003
170314401024004
170318343006024
170314401024002
170314401024006
170314401024006
170318424001037
170314503001018
170314402021003
170314503001017
170318343001018
170314401024004
170314402021000
170318343001026
170314605004006
170314401021002
170314601001025
170314401024002
170314402013007
170314601001025
170314503001030
170314401013004
170314601004006
170317105004022
170317105004021
170314402021009
170317005011026
170314603024022
170314401024006
170314401024004
170314401024004
170314601004005
170314401024004
170314401012004
170314401012000
170314601004006
170318343001013
170317107003004
170317107003004
170317105001011
170314601004011
170314601004005
170314601004005
170314603024017
170314601004008
170317108002009
170317105002013
170317005015003
170317108002009
170317108002009
170317108002009
170317106002011
170317005014021
170314601004010
170317108002009
170314403004010
170317004012011
170318424003028
170314401012001
170314402014012
170318424003026
170314401012000
170314401012001
170314601003010
170314402014012
170314401012000
170314605005006
170314401012006
170314401012005
170314401012005
170314503001016
170314503001021
170314601003008
170314603024005
170314603024005
170317005013011
170317005012017
170317004011062
170314601003006
170314605002002
170314402012014
170314603024001
170314603024001
170314401014007
170314401014008
170317107002005
170314401011007
170314401011007
170314601003005
170318343001009
170317105001009
170317108006003
170317004011037
170314605006005
170317106002007
170317108004012
170317106001007
170318424002018
170318424003022
170317107002010
170317108002000
170314601002016
170318424002018
170314601002005
170317005012004
170317108002000
170314402011007
170317105003005
170314402011007
170317106001004
170318343002045
170317004011038
170317004011038
170314402014007
170317004011032
170318343006007
170314401014011
170314604001003
170314603022006
170317005011010
170314603022000
170317005014005
170314603022005
170314603022005
170314605006007
170314603022006
170317106002004
170314603022000
170314605006006
170317105002003
170314603022004
170317105002002
170317107001016
170314603022005
170317005011007
170314601001019
170317106001002
170314401014004
170314401014004
170314401014008
170314603022006
170314401011006
170317106002005
170314601002002
170314603022010
170314601002010
170317108005013
170317004011005
170317002003018
170317002003018
170317109001005
170317105003003
170317004011003
170317105001005
170317108001012
170318424003002
170317005011003
170314601002009
170317001002008
170314603021010
170314603021010
170317005011000
170317109001005
170317106001000
170317105004003
170314403002004
170317106001001
170318343002042
170314402011003
170314402011013
170317106001000
170317104002014
170317104002013
170317104002013
170317103001028
170317106001001
170317103001028
170314401014002
170317103001029
170318343002031
170317107001006
170317107001007
170318424003000
170318424003000
170314401011000
170318424001003
170314401011004
170314401011004
170314402014004
170314402014003
170314403002000
170314401014000
170314401014002
170317001001037
170316912003012
170316912003012
170314402011005
170316912002015
170314401014001
170314401011005
170314604001005
170317001002008
170317001002055
170317001002054
170314605007026
170314601001035
170314603021011
170317001001038
170314603021010
170314604001006
170316914005019
170314601001018
170316914005018
170316914005018
170316914003007
170314605001006
170314402012001
170316914003012
170316914003012
170314402012000
170314402012000
170314605007000
170316914002014
170317104006009
170316914002014
170314604001006
170316914002013
170316914002013
170314402011000
170314601001016
170314402011000
170316912003010
170316914002012
170314401014005
170316915003005
170316915003007
170314604001005
170314401014000
170314401014001
170314401011006
170314401011006
170314603021000
170316915002026
170317104006013
170317104006010
170314601001013
170317104003006
170317104003006
170317104002010
170318342003023
170314605007006
170318342001017
170314605007004
170317001002039
170317104006013
170317107001003
170314605007001
170314605001003
170314605001003
170317108004002
170314312001033
170314604001003
170314313013012
170317107001004
170314604001001
170314604001001
170317101001015
170314313013014
170314313013015
170314313013015
170314603021005
170317108004002
170314313011011
170314601001014
170317108004003
170317108004003
170314601001008
170314601001008
170316914005014
170317001002002
170317101001015
170317101001016
170316915003005
170316915003006
170317104002009
170316914002011
170317104002000
170316914002011
170317103001019
170316915002024
170316915003006
170316915002023
170314314003013
170317001001044
170316915003008
170317002004000
170316914003011
170318342001010
170318342001008
170318342001008
170316915003010
170316915002027
170316915002023
170318342003019
170318342003013
170314313013003
170318342001013
170318342003018
170318342001010
170314312001030
170314312001030
170314313013007
170314313011009
170314312001032
170318342003014
170314313013007
170318342001011
170316914005011
170316914005011
170316914005011
170314313011004
170317104002002
170317104005013
170314313013000
170314313013004
170314313013004
170314313013004
170314313013004
170317102005010
170317104005015
170314313013006
170314313011005
170317102002013
170317103001025
170317102001013
170317101001010
170317102002011
170317102003011
170317102003010
170318342001005
170318342001014
170317102003011
170317102003011
170314313012007
170316912003013
170317002003001
170317101001009
170314313011006
170314314003011
170316913002000
170317102002013
170316912003004
170316914003004
170316913002005
170316915003004
170316915003004
170314314003010
170316914002005
170316914003001
170316912003002
170316914002003
170316505003044
170314313012006
170316913001015
170314313012007
170314312001001
170317102005001
170317104005017
170317104004014
170314314003006
170317103001010
170316912001014
170317104005020
170317102004003
170317102004003
170316912001016
170317104004010
170317104001006
170317104001006
170314313023003
170317101001005
170317102003008
170316912001011
170316912001017
170316915002013
170317101001001
170316914001010
170316915002017
170318342004024
170316913001021
170316912002016
170317102001003
170317102001003
170316915001018
170316915001018
170316914004010
170316914004010
170316914004010
170316914004010
170316914004010
170316914005004
170314313023007
170318342002011
170314313023010
170316912002027
170316912002027
170316912002027
170316915002012
170316913001010
170314312002031
170314312002030
170314313023006
170317104001004
170314313023006
170317102003003
170318342004019
170317102001007
170317104005001
170317104001001
170317102003002
170317102002007
170316813003013
170316913001009
170316813001019
170316912002014
170316912002003
170318342004009
170316912001005
170316915001003
170316813001019
170314314002006
170317102003003
170314314002006
170314314002006
170314314002006
170317102001000
170318342004010
170317102001000
170314314002007
170316913001024
170314312002006
170316915001006
170316912001007
170316912001007
170314313022008
170314313022008
170316911003005
170314313022007
170314313022007
170318342002024
170316912002006
170316912002006
170316912002005
170316910003008
170314313022013
170314312002012
170316910003010
170316910002013
170314313022013
170314313022009
170316909005016
170316909003014
170316914004001
170316914004001
170314312002021
170318342002006
170316909002011
170314313022001
170314314002004
170316915002007
170316915002004
170314304004009
170314304004015
170318342002005
170314309002018
170314309002018
170316719001042
170314308002019
170316814003016
170314308002020
170316813001014
170314308002022
170314313022005
170314313021004
170314313021007
170316814003016
170314313021012
170316813001015
170316813001017
170316911003009
170316911002008
170314314002001
170316610003012
170314314002001
170316814003014
170316814002014
170314309002014
170316911002009
170316718001030
170316814003014
170314314001006
170316718001030
170316909005015
170314309002015
170316910003011
170316909002005
170316909005015
170316909002005
170316718001031
170314304004007
170318418001012
170314304004007
170314309002015
170316909002009
170318418001021
170314304004006
170314308002004
170314309002001
170318418001012
170316909002008
170316720001009
170316720001009
170314313021009
170318418001028
170316911002010
170314308002009
170314304004005
170314304004005
170316611002012
170316610002010
170316909005009
170314313021009
170314313021009
170316719001036
170316719001036
170318418001017
170316720003019
170316718001024
170316814003009
170316814002012
170316814003004
170316814003010
170316814003007
170314313021006
170316911002000
170316911002004
170316911002003
170316813003003
170316910003004
170314304003012
170316720004007
170316910003003
170316813002017
170316720002014
170314304003012
170314304003002
170314309001007
170316909002001
170316719001030
170316719001031
170314304003004
170314304003014
170316814004012
170316611005010
170314309001013
170314308001010
170316910002000
170314308001002
170314314001002
170318418001001
170316611001008
170316611001008
170316611001008
170316611001008
170316611001008
170314304003004
170316719001022
170318418001001
170314304003006
170316611003010
170316720003013
170316718001014
170316718001014
170316610004017
170316720003011
170314309001003
170316720001007
170316610003002
170316719001014
170316720003011
170314308001014
170316610003001
170316719001023
170316719001018
170316719001023
170316718001012
170316720001017
170316718001015
170318418002046
170316718001012
170318418002051
170316814004006
170316720001007
170314304002011
170314304002011
170316610002002
170316610003000
170314305003009
170316720001007
170316611005007
170316814004008
170316719001014
170316720002014
170316814004008
170314314001001
170316814004006
170316910004011
170316911004019
170316814001014
170316814001014
170316911004010
170316814001005
170316814001004
170316909005007
170316911004011
170316911004010
170314305002010
170314305003013
170314305002008
170316720001000
170316911001025
170316719001012
170316910004007
170316909004009
170316910001010
170316718001009
170316909005005
170316504003008
170316910001004
170318418002045
170314305003012
170314306002000
170316813002015
170316813002015
170316813002015
170314307002007
170314307002008
170314307002006
170318418002045
170316911004010
170316610004013
170314305001003
170314305003010
170314305003010
170316610001027
170316610004014
170316910004010
170316610004009
170316719001009
170314305003007
170316610004006
170314307001005
170316720004002
170316909005003
170316720003006
170316720002003
170318418002021
170316720002003
170316610004014
170316720003007
170316610005004
170316720001015
170316610001025
170316610001025
170316610004000
170318418002022
170314304001010
170316720002003
170316814001007
170316720001015
170316610004012
170316813002014
170316814004002
170316814004002
170314305002007
170316813002008
170316813002008
170316911004013
170314307002004
170316609003006
170316611001001
170316813002013
170316611001000
170316911004000
170316609003036
170316609003036
170316911004000
170316610004002
170316610004002
170316910004001
170316720001000
170316720004001
170316720003002
170314305001001
170316715003034
170314305002005
170316909005003
170316813002001
170314305003014
170314306001010
170316719001001
170316909001007
170316716002023
170318349001008
170316718001000
170314306001010
170316718001000
170318349001012
170314306001010
170318209011035
170316909004003
170316909001007
170318418002032
170316909004000
170316814004000
170318418002031
170314306001005
170314305002002
170314305002002
170314306001001
170314306001001
170316909001006
170314305001006
170316812002006
170314305002000
170316909004004
170316903002014
170314305002002
170314305002001
170316910004002
170316609003026
170316609003026
170316910001003
170316904002019
170316610001008
170318418002005
170316715002013
170316715002013
170316715002029
170316715002013
170316609002019
170316610001015
170316609003010
170314305003000
170316609002013
170314305002001
170316609002018
170314305001000
170316609003035
170318349001011
170316716002011
170316715003026
170316715003026
170318418002007
170314304001003
170318349001011
170314305002001
170314302002003
170314306001010
170314306001008
170314306001008
170316811003006
170318349001009
170316716002015
170316715002028
170316811002011
170316811003009
170316715003027
170316811005015
170316812002010
170314302002003
170314302002000
170316811003009
170314301012006
170314301012006
170314301012006
170314301022006
170314301022006
170316812002010
170316904002023
170316811003011
170316905001024
170316811003009
170316609002015
170314302003002
170316812002007
170316903002022
170316904003008
170316811002004
170316812002006
170316812001008
170316903002019
170316715002009
170316715002009
170316903002016
170316903002016
170316715002009
170316812002007
170316905001020
170316903002020
170316905001019
170316903002020
170316904002022
170314301022005
170314303002010
170318349001013
170316504005023
170316811003000
170314302002003
170316812001008
170316812002015
170314301012005
170314302003007
170316903002007
170316609002008
170314302003002
170316904003003
170314301022002
170316904002008
170316609003031
170316715002026
170316715003015
170316715002011
170316715002010
170316715003017
170316610001004
170318349001005
170314301021003
170316811005012
170316903002011
170316811003007
170316811003002
170316609002008
170314303002007
170316610001003
170316610001003
170316811002007
170314301012005
170316812003018
170318349001000
170314301023001
170314301021002
170316811005009
170316811003002
170316812003018
170316812003018
170316609003018
170316609003018
170316609002004
170316609002004
170316905001018
170316609002003
170314303003007
170316812001003
170314303003007
170314303003008
170316715002016
170316812001004
170316714002022
170316715002005
170316715002003
170316904003004
170316904003001
170316715003010
170316716003017
170316716003017
170318349002023
170316811005011
170316904003004
170316905001017
170314303003006
170316904002005
170316811004011
170314301011005
170314301023002
170314302003002
170316904003000
170314302003002
170314302002000
170314301011000
170316904002002
170314301023000
170316609003017
170316609003015
170316609003017
170314302002000
170314302003002
170316904004008
170316903001001
170314303002001
170316904003000
170316609001017
170316714002019
170314302002000
170316905001007
170316609003015
170316715003021
170316715003021
170316716003016
170316607002023
170318349002032
170318349002024
170316812003016
170316716001015
170316716003015
170316812004006
170316609001017
170316715003007
170316715003007
170316812004006
170314302004009
170316811004009
170316811004006
170316715003002
170316811001008
170316716003015
170318418002013
170318439004000
170318418002008
170318418002003
170316811004009
170316609003016
170316905001003
170316904001009
170316811001009
170316812003013
170316904001009
170316904004013
170316714002016
170316904001007
170316904001017
170316904004009
170316812004011
170316904001009
170316904004013
170316904004013
170316904004013
170316904001010
170316904001007
170316505001008
170316609003007
170314302004006
170316904001009
170316811004000
170314302004002
170316505002008
170318439004002
170314302004003
170314212001008
170314212002007
170316609001008
170316609001006
170316607002006
170316609003007
170316904004012
170314302004005
170316904001018
170314302001005
170316904001004
170316904001007
170314301013000
170316714002014
170316714002015
170316607002012
170318439004002
170316713003013
170316713002011
170316505002000
170316715001014
170316811001004
170314302004002
170314302004002
170314301014005
170314301013003
170314301013003
170318349002017
170316811004001
170316903001006
170316811001000
170316714002004
170316812003006
170316812003006
170316811001000
170316904004003
170316812004002
170316811001005
170316904004003
170316812003007
170316812003007
170316812004002
170316714002001
170316713002002
170316716003005
170316810001018
170316811005000
170316810003013
170314302005010
170314212001002
170316408002012
170316810002012
170314301014003
170314301014007
170314212001011
170314302005008
170314301014006
170314301014003
170318439005002
170318439005002
170314301014006
170314301014006
170314301014006
170314301014005
170316607001014
170316904004003
170314303001004
170314302005008
170316607001014
170316607001014
170316607002001
170316607002002
170314301014006
170316607002004
170316810002011
170314212001005
170316713002002
170314212001002
170316714002001
170316714002001
170316809003007
170316713003000
170316810001016
170316607002002
170316714002001
170318439001010
170318425001032
170316715001000
170318425001032
170318425001032
170316715001002
170318425001034
170316809003015
170318425001053
170316809001014
170318425001036
170316608004005
170316608004000
170316608002004
170318439002011
170316809003005
170316408002003
170316809001014
170314207003008
170314207002009
170318425001011
170314207003006
170314208002008
170316711001017
170316810002011
170316810002011
170316605002005
170314207003009
170314207003006
170316605003004
170314207003006
170314207002006
170314208002012
170314208002013
170318425001057
170316608003004
170318344003014
170316608003004
170316607001023
170316608001005
170316711001024
170318439001029
170318439001029
170316713001020
170316608003004
170316712001012
170316712002012
170318344002005
170316810002001
170316607001016
170316714001022
170316607001022
170316810002002
170316711001024
170316605004019
170316713001022
170316713001024
170316810003004
170316605001014
170316712002012
170316608005006
170316711001017
170316809003004
170316809001006
170318349002011
170316809003000
170316810003000
170316606002007
170318425001014
170316713001016
170314208002006
170318344003001
170318439001023
170318344002004
170318344002004
170316809001007
170314207005010
170316809001007
170318344002016
170314207003004
170316406001009
170314208002003
170314207002001
170314208002004
170318439001008
170316606002010
170316714001018
170316714001016
170316714001018
170316712002005
170318439002000
170316714001019
170314207003005
170316606004012
170316607001006
170316711001012
170316606004010
170316606001011
170316606004012
170316713001012
170316607001006
170316713001014
170316711001021
170316809004020
170316503013010
170316606002009
170316606001011
170316712001006
170316712002009
170316714001015
170316606001012
170318439001022
170316503021014
170316607001001
170316712002006
170316712002004
170316605004010
170316810004018
170316605004010
170316711001012
170316810004018
170316712002004
170316606005003
170316407004007
170316606005016
170316810004025
170316810004025
170316606002003
170316809002027
170316810004015
170316408001008
170314207005009
170314207004009
170316713001005
170316404002049
170314207005009
170316712001007
170314208001016
170314207005009
170316408001009
170314207001014
170314207001008
170316809002018
170318349002009
170318349002008
170314207005009
170314207005009
170314208001005
170314208001005
170314208001006
170314207004009
170314207004011
170318344001004
170314207001011
170318439001021
170318344001010
170316809002007
170314208001006
170318344001009
170316606004004
170316605001000
170316606001005
170314208001014
170316606003003
170316714001009
170316606001004
170314207005002
170316714001010
170316606002004
170316606002004
170316606003008
170316713001009
170316711001007
170316713001017
170316503011000
170316712001007
170318425001001
170316502002022
170316606002004
170316713001008
170316810001003
170316606001001
170316605004001
170316713001003
170316605001002
170316605001000
170316603011016
170316606005002
170316603011017
170316810004010
170316603011019
170316603011020
170316603011020
170316711001001
170316606002000
170316606002000
170316606002000
170316606002000
170318350002013
170314207005002
170316705001055
170316705001055
170316705001055
170316706002018
170316706002015
170314207004007
170314207001005
170314207001005
170314207001005
170316708002024
170316708002024
170314207004005
170314207001001
170316709002024
170314207004007
170316810004005
170316810004004
170316401001024
170314208001006
170314208001006
170314207004005
170316603011010
170318346003050
170316603011004
170318425001003
170318425001005
170318350001022
170318350002008
170316603011010
170318350002007
170318439001012
170318350004010
170318350004009
170316706002013
170316603011004
170314206002008
170316707002014
170314205002014
170314205002014
170316603011010
170316706002010
170316707002014
170318350004007
170316603011007
170314207001001
170314204001015
170314204001009
170318350004010
170316806002028
170316708002022
170316708002018
170314202001017
170314202001017
170318350002008
170316708002017
170316708002018
170316501002009
170316707002012
170316708002018
170316707002013
170316706002007
170316403005006
170316806002027
170316403002003
170316603022012
170316708002018
170318346002027
170318346002026
170316708002028
170316707002014
170318425001006
170316603011001
170314008002005
170314008002009
170318350003015
170314206002013
170316707002002
170314206002005
170318348002018
170314008001009
170316502003000
170319801001005
170316502003001
170316502003001
170316502003001
170316502003001
170314206002015
170314206002005
170314206002007
170314206002015
170314203001007
170314205002007
170316603024008
170314206002007
170318346002024
170314205002015
170316603024005
170318346002023
170314203001008
170318350003011
170318350004005
170318350004005
170318350004001
170314206001005
170316708002016
170314205002013
170314205002011
170314205002011
170316603024007
170318350004000
170316603024008
170316502001017
170314008002006
170314203001009
170316806001013
170318350002004
170316707002005
170316707002005
170316707002005
170318348002002
170316708001014
170316709001010
170316707002000
170316603024006
170318346003024
170314008002008
170314008002006
170316401001017
170316707001012
170314206001006
170314008001011
170314206001014
170316502001018
170314008002008
170316502005006
170316709001009
170314008002006
170314203001010
170318346002016
170316806001010
170314008001006
170318348001011
170314205002000
170318348002001
170314205001010
170314206001013
170314205002000
170316603022006
170314205002000
170314204001006
170316604001014
170316604001011
170316603023007
170316603023009
170318350005011
170316706001016
170318348001002
170316604001011
170314206001013
170316705001037
170316603022009
170316603022009
170316706001006
170316603023009
170314204001013
170316707001011
170316707001017
170316705001037
170316604001007
170316706001007
170318346002012
170318348001015
170316603022003
170316709002005
170318346003021
170316806002006
170318348001003
170316603021004
170316806002006
170316501004004
170314008001000
170314008001000
170314008001000
170316706001006
170314008001004
170314205001000
170316604001006
170314008002000
170316708001003
170318345001032
170314008001000
170314008002001
170314008002001
170316806001007
170314008002000
170314008001004
170314008001004
170318346002004
170316603023003
170316706001004
170318345001027
170318350003004
170318350001013
170314003001032
170316603021013
170318350003003
170316708001007
170316706001012
170316706001010
170316708002003
170318348003001
170318350003002
170316708002005
170316706001010
170316501004001
170316706001013
170318350001005
170318348003001
170318348001006
170316806001003
170316708002005
170318348001013
170316709001003
170316709002006
170316308004016
170316308004016
170316308004018
170318346004057
170316308004021
170316308004021
170318346002004
170318348003004
170318346002003
170318351003015
170318345001024
170318351003018
170316204002013
170318351003019
170318348003001
170318346002004
170318348001000
170316704001040
170316703001011
170318345001026
170318345001019
170316701001021
170318345001026
170318345001015
170318345001025
170318347001020
170318347001020
170318347001020
170318347003035
170318347003035
170318347003034
170318348003000
170314003001034
170318346001027
170316308004003
170318346003006
170316308004015
170316703001011
170318346004041
170318351003013
170318351004014
170314005002008
170314005002004
170316702001034
170318351003011
170318345001026
170316805002024
170316308004000
170316308004009
170316308004008
170315610003012
170318347002018
170316805002023
170318351004014
170318351003012
170318347002017
170318351004014
170318347001017
170318351003003
170318346004023
170316309003018
170315610003015
170316308003005
170314005002008
170314004001019
170318351001026
170318345001012
170316703001008
170318351001033
170318347002015
170314004002007
170316705001019
170318345001012
170314005002008
170316702001028
170316309002013
170314003001023
170318347003028
170314005002005
170318347002011
170316309001014
170316308003007
170318346001024
170318346001024
170316308003011
170316308003011
170314004002002
170316705001016
170318351002007
170318345001013
170316309001014
170316703001007
170316702001028
170316308003002
170316703002017
170316704001028
170318346004040
170316704001029
170318347002011
170316805002015
170316704001039
170318347001016
170318347001012
170318346004040
170318347002011
170316704001028
170318351001026
170316702001024
170316702001025
170316702001025
170315610002007
170315610002007
170316701001013
170316701001013
170318346004014
170316702001027
170318347002011
170316805002022
170316701002012
170316805002016
170316703001006
170316703001007
170316703001007
170318346001014
170318347003024
170318347002009
170318347002011
170316805002016
170318347003022
170318347003022
170318351001041
170316203001020
170314005002002
170318347003018
170314004002002
170318346004044
170318346004014
170316703002015
170316703002015
170316703001002
170314004002002
170316204004010
170318345001010
170318345001010
170318346001016
170318346004010
170314003001023
170318346004037
170316308002011
170314005001011
170318351001009
170314110001009
170314110001009
170316702001019
170318346004008
170316704001026
170316704001025
170316703001000
170316204004007
170316701002007
170316704001014
170318351001036
170318351001011
170318347002013
170316703002013
170316704001025
170316704001025
170316702001017
170318346004008
170316805001008
170316703001000
170318347002013
170316703002014
170318347003012
170316805002011
170316308002006
170316308001017
170318347003017
170318347001008
170316805001010
170316701001010
170316701001010
170318346004037
170314005001011
170318347001007
170318351001007
170316704001018
170314005001013
170314005001010
170316703002021
170314004001011
170318351001010
170314005001011
170318345001003
170314004001013
170316701002006
170316701001006
170316805001008
170316203004003
170314005001012
170314005001012
170316705001009
170314005001010
170314005001006
170316308001012
170314004001010
170316701002011
170318346001002
170318346001002
170316705001006
170314110003011
170316704001010
170316702001009
170316203003000
170316203003000
170316701002011
170316308001021
170316805002006
170318347003013
170318347001003
170318347003014
170318346004010
170318347003008
170318347003008
170318347003005
170316303002035
170314003001024
170316303002018
170318346004010
170318346004016
170316704001000
170314004001004
170316304002016
170318351004001
170316702001003
170316805001001
170316805001001
170314004001002
170316301001029
170318347002001
170316116002014
170316116002018
170316116002018
170316704001001
170316117002010
170318347001001
170314005001007
170314005001005
170316702001001
170316702001001
170316120002020
170316120002021
170316121001045
170318347002000
170314005001001
170314004001003
170318438002036
170314005001000
170314004001002
170314004001001
170314004001003
170316304003012
170316118001014
170316304002013
170314005001001
170314003001021
170316117002008
170316116002009
170316116002009
170316116002009
170316118002006
170316119001023
170316117001009
170316119002025
170316118001019
170316304002013
170316117001008
170316305003008
170316117001010
170316119001022
170316305002006
170314003001015
170316119001023
170316119001023
170316305002014
170316117002007
170316303002024
170316119001023
170316119001021
170316119001023
170316119001023
170316304002005
170316116002013
170316119001023
170315608002023
170314003001012
170316121001039
170314003001021
170316119001020
170314003001019
170315607002036
170316201002018
170316116002005
170316116002005
170316116002005
170316116002005
170316116002007
170316304003005
170314003001019
170316305003001
170314105002005
170316116002002
170316116002002
170316116002014
170316116002014
170316117002003
170316117002003
170314105001006
170316119001026
170316301001027
170316305003002
170316304003002
170316120002013
170316117002002
170316118002000
170318356002017
170316120002009
170318356002022
170316117001006
170316304004018
170318438002024
170316120002013
170316305004012
170314003001011
170316305001011
170314105001007
170314003001005
170316119002021
170316121001023
170314003001000
170316121001017
170316121001017
170314003001006
170318438002012
170316201002010
170316304004019
170316305001018
170316303001028
170316116001013
170318361003002
170314003001004
170318361003002
170316117003008
170316116001013
170316119002018
170316304004012
170316305001010
170314105002003
170316119001007
170316117001003
170314106001005
170318361002000
170316117003010
170316120002003
170316120001012
170318361003002
170316117003011
170316117003010
170314107001005
170314107001008
170315705001020
170314109002000
170316119002008
170318352001006
170318361001000
170318356002015
170316304001001
170316303001023
170316117003012
170316304001007
170316201001009
170316117003006
170316117003004
170318356002007
170316305004007
170316121001004
170316116001006
170314101002006
170316120001004
170318438002005
170316120001004
170316120001004
170318356002017
170314108001001
170316120002001
170316120002001
170314108001001
170316119001001
170318361001006
170316302001035
170316305001003
170316305001002
170316301001008
170318438002006
170316121001002
170318361003001
170318361001000
170316118001005
170314101002006
170318361001001
170316112002025
170314101002004
170316110001034
170318361003002
170315604001031
170318361003002
170316121001001
170316110001041
170318438002007
170314102001001
170316302001025
170316301001004
170313819002010
170316113002002
170318436001016
170316114002004
170316111002003
170316112002025
170316110001039
170316110001039
170318438001048
170318438001048
170318438001048
170313819002005
170316110001027
170316110001022
170313818001010
170313819001006
170318436001016
170313818002006
170313818002007
170313818002005
170316113002002
170316113002000
170313818002006
170318436001012
170318436001012
170318436001012
170315703004016
170315703003012
170313904002014
170315703004015
170316110001016
170313818002007
170313819001004
170316115002019
170316115002019
170316111002000
170313819001004
170316111002000
170316113001009
170315603001020
170316113003013
170316115002019
170316113003013
170318436001009
170313904002013
170316114002000
170316114002001
170315704002016
170313907003008
170313817001000
170313817001000
170313817001000
170313818001008
170313818001010
170316115001006
170316115001009
170316114002001
170316114002001
170316113003013
170316113003011
170316112001010
170313904002010
170313818001000
170313818001006
170318436002022
170315704002012
170318428004022
170318428004022
170318428004022
170315703001017
170313814001014
170315704002010
170316114003006
170316114001008
170316112001006
170316112002008
170316113001002
170316112002006
170318356001016
170316115001007
170316112001004
170316112001009
170316112001009
170316112001009
170316111001009
170316115002010
170313812001009
170316114003006
170316114003003
170316112002004
170316112002004
170313814001014
170313814001017
170316112001004
170316111003006
170316111001006
170316110001003
170313904002008
170315703001006
170313814001016
170316113001000
170316113003004
170316112002004
170313905001000
170315702001054
170316113001000
170316111003007
170316115001000
170315704001008
170318428004005
170316112002004
170315701001017
170318356001010
170316111001008
170318356001014
170316111003007
170318428004004
170313814001005
170313814001003
170316103003020
170313812002021
170313812002021
170313814001005
170316104001018
170316112002001
170315804003017
170318426002037
170313905001002
170315602003019
170313905001002
170313812002022
170313812002020
170313812002021
170315804003003
170313814001006
170313814001006
170318428003008
170316103003024
170318358001026
170313812002017
170318436002011
170313904002002
170318426004017
170316104001008
170318355002050
170313902001006
170313905001000
170316104001012
170316103003028
170316104001013
170318428005009
170315602003006
170315602003002
170315602003001
170318436002000
170313814001001
170313814001001
170313814001001
170316104001006
170316104001006
170318208003057
170313901001017
170318436002004
170315804002014
170315602003007
170313903002017
170313901001014
170315601001040
170318436002004
170315701001024
170315804002011
170318428006002
170315702001043
170318428003004
170315808001005
170318358001017
170315602003008
170316103002018
170316104001006
170315602003001
170313903001005
170318428003000
170316104001007
170316104001002
170315805021017
170318426004021
170315602002006
170315602001012
170315807001012
170315807001013
170315807001013
170318360001009
170316103002004
170315804002002
170318360002017
170318360003015
170315602001012
170315601001029
170318358001020
170318360003022
170318360003015
170315602002001
170315805022000
170315805022000
170315806004010
170313901001013
170315805022005
170316103002008
170318360003013
170313903002014
170316103002002
170315805022001
170316103002006
170318355002024
170316103002002
170318355002022
170316103002002
170315806004006
170315602001002
170315602001002
170315602001003
170316103002008
170318357001003
170315602001004
170316103001026
170316103001025
170313901001008
170315805023025
170313807001008
170316103003010
170318360001017
170318360001017
170315807003009
170315804001018
170316103001019
170318360002005
170315602001001
170316103001013
170318426002027
170316103001021
170316103003010
170315806003011
170315806003011
170315806003010
170315807003007
170313807001002
170318357001001
170318360003001
170318360003010
170318358001004
170318357001000
170315601001018
170318357001002
170315805023012
170318355001029
170315806003002
170313805001007
170315806003000
170318359001015
170318359001015
170315807003004
170318359003016
170315807003001
170313801001032
170315806003005
170318355001040
170315807003000
170313802002011
170318355001030
170315807003003
170315807003002
170313805001007
170318359003012
170318355001029
170318359003009
170313801001032
170318359003008
170318359003009
170313801001030
170313801001031
170318355001027
170315804001002
170315806002014
170315805013009
170315805012002
170318359003007
170315805013003
170318359001010
170315804001002
170318359003001
170318359002009
170318426001019
170315805014006
170315805014006
170313805001004
170318359001008
170318359001008
170315804001000
170318359002018
170318359002005
170318364001009
170318364002004
170315804001000
170318364002004
170313802001003
170315805011000
170313805001002
170315805011000
170318355001008
170315805014000
170318426001005
170318426001005
170318426001005
170318426001005
170318426001005
170318426001005
170318359001000
170318359002014
170318359002014
170315802002018
170318359002012
170315802002009
170313801001002
170318399005011
170318399005011
170318359002000
170315802002027
170318364002000
170315802002026
170315801002029
170313511002003
170313602001014
170315803001015
170315802002002
170313406001018
170315803001018
170318399005009
170313511002006
170318396001006
170318396001006
170313514001030
170313514001030
170315802001038
170315801002008
170315906002007
170318403001027
170313511002001
170313406001017
170313406001023
170313514001026
170313514001024
170313406001017
170315905001027
170318396002010
170315907001004
170318399004007
170313514001015
170313511002002
170313406001020
170315906002000
170315802001025
170315907002020
170315802001019
170315801001011
170318396002006
170315905001019
170315905001019
170315905001019
170313511003001
170315801001006
170313514001010
170318399002026
170313514001001
170313511003001
170313511003001
170313511003000
170313511003003
170318396001000
170318396002000
170313602001000
170318399001009
170318403001018
170318403001019
170318396002005
170318396002004
170313514001000
170318396002002
170313511001003
170318397003023
170318365001005
170318365001005
170318403001017
170318403003019
170318305003029
170318404002026
170318397003007
170318395001014
170318403003005
170318404001056
170318404001044
170318400001027
170318305003009
170318305001010
170318305002013
170316009002011
170316009002011
170318305001024
170316009004014
170318305003000
170318305002013
170318305002010
170316009004007
170313510003006
170316009002002
170316009001001
170313017022006
170313018012035
170313018032009
170313018012031
170313018012035
170313017021004
170313018032012
170313017022006
170313018032012
170313018032012
170313017021004
170313018032015
170313016002012
170313017021004
170313016002009
170313016002012
170313016002012
170313016002012
170318432002073
170313404001034
170318408002009
170313018032006
170313018032005
170313018032013
170313017022007
170313017022002
170313017021002
170318392002025
170316007001003
170318401002013
170316007002037
170313018011002
170313018011000
170313018011000
170313018011000
170313018011007
170313018032005
170313018032003
170313504001008
170313017022000
170313018011007
170313018011001
170313018011001
170313018011001
170318408002001
170318408002005
170313017022000
170318408002004
170313016002000
170318408002003
170313016002000
170313018032006
170318402001056
170318408001014
170313504001007
170318413004011
170313018012017
170313504001007
170313504001007
170313018031007
170318402001043
170318408001014
170318408001017
170318408001017
170313016001009
170318402001059
170313504001003
170313018031000
170313016001016
170313016001016
170313017013013
170316007002019
170318408001012
170318408001008
170318392002008
170318392002008
170318392002008
170316007002010
170318435001021
170313018023010
170316006002017
170313018023010
170313017011006
170313018023007
170313018012015
170313017011006
170313017011005
170313016001002
170313018023007
170313018012021
170313018023011
170313018023005
170313017013011
170318408001010
170318392003003
170318392002008
170313018012006
170313504001003
170313018021015
170313018021015
170313018023000
170313017013000
170313017011004
170313009002018
170313018022018
170313018012003
170313018021000
170313006002009
170313007002001
170313009001007
170313018021009
170313018012003
170313018012003
170313005002010
170313007002005
170313008002012
170313007002007
170313007002006
170313018022017
170313005002010
170313009001007
170313006002014
170313006002000
170313008002009
170313008002002
170313009001009
170313011002002
170313011002002
170313011002002
170313011001010
170318402001016
170313012002005
170318434001013
170318434001013
170318434001013
170318434001013
170318402001011
170313018022002
170318413003017
170313005002000
170313006002000
170313012003017
170313012002000
170313005002000
170313008002007
170313006002000
170313008002005
170313011001004
170313007003003
170313018022004
170313008002005
170313009002010
170313018022007
170313008002002
170313007003005
170313007003004
170313012003012
170313018022007
170318434001038
170313007003006
170313007001013
170318410001068
170313009001010
170318432001018
170313012003009
170313012003009
170313012003009
170313012003009
170313012003008
170318410001068
170313012003007
170313007001016
170313005001008
170313012003003
170318411003007
170313012003002
170313011001003
170318413002027
170313007001019
170313009003002
170313009001004
170313008001015
170313009003000
170318407002008
170318432001004
170318410001040
170318410001040
170318410001040
170318432001011
170318410001029
170318410001041
170318410001041
170318410001041
170318434001018
170313005001005
170313005001005
170313005001005
170318410001041
170318434001026
170318434001026
170318434001000
170318413002005
170318413001006
170318434001022
170318411004021
170318407002001
170313005001004
170313008001009
170313008001009
170313008001006
170318434001008
170318411004020
170318434001007
170318434001007
170318434001006
170318413001004
170318413001004
170312924002032
170312924002032
170313007001008
170313007001008
170318417001020
170318417001005
170318407001010
170313012001002
170318407003012
170318407003012
170313012001001
170318410001025
170318432002044
170312925003015
170318412002032
170318410001025
170318410001025
170318410001021
170312925002016
170318432002043
170313106003018
170318417001005
170312925003013
170312925003009
170312925003009
170312925002019
170312925002014
170318417001018
170318414002020
170318414001005
170312924002028
170318414002019
170318407003009
170313109002006
170318414002020
170318417001017
170313109002004
170313107001020
170313109002003
170313108003013
170318411001021
170313109002003
170312925002012
170312925002011
170318407003010
170313108003012
170318407001007
170318407001006
170318411001029
170313301004052
170318412001004
170313108003009
170312925002005
170313103001034
170312925004021
170318414002011
170313103001035
170312922002016
170312925002004
170318416001023
170312925004022
170318414001002
170318416001015
170312925004007
170318416001018
170318414001009
170318414001001
170318414001001
170313106003017
170318431002015
170313105001026
170312925004005
170318431002016
170313109001013
170312925002001
170312925002001
170312924002010
170313108003007
170318414001001
170313108003004
170313106003012
170313301004049
170313109003008
170318431002006
170313109003008
170318414001001
170313108003002
170312925001017
170313106003002
170313106003005
170313106003002
170313106003006
170318412003004
170312924002007
170312925001017
170312922002006
170312922002005
170312925001015
170312922002007
170312922001006
170312922001006
170313302002038
170312916001017
170312916001016
170313102001007
170313109001008
170313106002018
170313106002018
170318431002014
170313107001010
170318412002007
170312916001016
170313102002024
170313108002008
170312916001017
170313103001018
170313103001013
170313108002000
170312922001002
170312922001002
170312916001004
170313109003003
170318415002019
170313109001002
170313108001009
170313104001007
170313106002008
170313102002001
170313104001005
170313104001005
170312922002004
170312922002009
170312925001010
170312924002002
170312925001010
170312925001011
170312925001004
170312925001004
170312925001009
170312924001000
170312922002004
170312925001011
170312916001004
170312922002000
170313108001006
170313106001015
170312922001003
170312922002002
170312922002000
170312909002019
170312909002018
170312925001001
170312909002017
170312912002014
170318415002016
170318415002023
170318433001042
170313106001011
170313106001011
170313102001000
170318431001029
170318431001029
170312912002017
170318431001024
170318415002011
170318387004004
170318415002011
170312912002017
170318415002013
170312912001012
170318387002014
170312912002012
170318415002016
170318415002016
170318415002016
170318387004009
170318433001044
170312912001011
170318387001031
170318415002016
170318415002016
170318387002017
170312912002012
170318387004005
170318387001031
170318387001031
170318387004005
170312912002012
170318415002012
170318415002014
170318431001030
170312909003015
170312909002005
170312909002002
170318387002017
170318433001039
170318419002110
170313301003006
170312909003006
170312909002005
170318429003015
170318429003015
170318429003015
170318429003015
170312909002004
170312912001015
170318387004000
170312912002010
170313302002006
170313302002006
170312912001009
170312912001009
170312909002002
170318387002007
170318431001022
170318429003011
170312912002008
170318387002000
170318415002001
170318387003012
170318433001022
170312912001006
170312912001006
170312912001005
170318415001023
170318415001023
170318415001023
170318429003010
170318431001017
170318431001017
170318429001000
170318387001023
170312909004023
170318387003010
170312838002002
170312838002000
170312838002002
170312909004026
170318433001028
170318431001001
170312909004025
170318387003013
170312909004023
170318387001020
170318387003011
170318387001019
170318387003013
170318415001015
170318429003008
170318415001015
170318429001000
170318387001009
170318429003008
170318415001012
170312912002004
170318431001027
170318429004055
170318431001013
170318429002010
170318387001018
170318429003009
170318429003009
170318429003009
170318429003006
170318429003006
170318429003006
170318429003009
170318429003009
170318429003006
170312909001010
170312838001002
170318429004044
170318415001007
170312838001004
170312838001004
170318429002011
170318429003006
170318429002011
170312909004013
170318429002000
170318429002000
170318429002000
170318429002000
170312909004012
170312912002003
170312912001001
170318429003005
170318429003005
170318429003005
170312909001004
170318429004038
170312909001005
170313301001008
170312838001004
170318387001013
170318415001007
170318387001014
170312909004012
170318431001016
170312909001012
170312909001005
170318134001000
170318387003008
170318419002032
170318431001016
170318429003005
170318429003005
170318429003005
170318429003002
170318429003004
170318429003004
170318430002032
170318430002031
170318430002030
170312912002000
170318430001032
170318430001029
170318431001001
170318431001000
170318314002053
170318431001000
170318429004038
170318430002029
170318430001022
170318430001020
170318430002048
170318430002028
170318430002028
170318430001022
170312828001015
170318430001020
170318386001011
170318386002010
170312828001013
170318390002004
170312831001007
170318314002038
170312827001012
170312610002033
170318314001023
170318314001022
170318314001025
170312827001008
170318430001004
170312609002009
170312610002028
170318314001035
170318131001021
170312828001007
170312609002009
170312609002009
170318373001019
170318430001004
170318430001004
170312610002018
170312610002028
170312832001006
170312832001006
170318373001021
170312718001018
170312718001018
170312718001020
170318314001043
170318314001043
170318314001043
170312610002034
170318333001023
170312705001038
170312610002009
170312610002019
170312715001015
170312609002008
170318374002036
170312609001009
170318374002036
170312705001047
170312705001047
170312705001046
170312828001014
170312715001016
170312610002030
170312610001014
170318373001016
170318373001015
170312610001020
170312718001015
170312610001020
170318314002011
170312828001006
170312718001013
170318374002035
170318374002035
170312610002031
170312609002006
170312715001008
170312610001020
170312718001009
170312609002005
170312609002005
170318374002031
170312705001040
170312705001042
170312715001009
170318390002001
170318333001018
170312718001010
170312610002010
170312827002032
170312705001032
170312827002026
170312828001005
170312715001009
170312610001035
170312715001006
170312610001013
170312609001002
170312609001002
170312715001006
170312715001006
170318373001005
170318314001001
170312718001005
170312718001004
170318329002016
170312827002021
170318314001007
170312522025011
170312522023018
170318382001000
170312522023011
170312705001028
170312705001030
170312609002000
170312607002024
170312718001001
170312718001001
170312718001001
170312705001026
170312521023007
170312521023007
170312521023011
170312714001032
170312522023011
170318373002001
170312522023011
170312522023020
170312522023020
170312521023008
170312827002015
170312521023005
170312827002014
170312521023000
170312521023000
170312522025009
170312712001038
170312606002016
170312606002016
170312605001033
170312606002019
170312606002019
170312607002014
170312608002015
170312608002015
170312521011023
170312521011023
170312608002016
170312705001012
170312827002009
170312713001026
170312522013009
170312521022011
170312521023001
170312522025006
170312607002013
170312607002012
170312607002012
170312522023016
170312607002012
170312605001037
170312605001028
170318381003011
170312606002011
170312606002011
170312606002010
170312607002013
170312607002010
170312607002011
170312607002011
170312607002011
170312608002007
170312713001018
170312713001019
170312713001024
170312605001024
170312605001026
170312522013003
170312522025005
170312522025004
170312712001023
170312712001027
170312712001027
170312608002009
170312608002009
170312522023009
170312827002001
170312827002001
170312606002008
170312606002006
170312809001007
170312607002006
170312608002006
170312713001020
170312608002004
170312608002004
170312522025003
170318381003002
170312522023009
170318391002021
170318374001020
170312522013000
170318391002024
170312522025000
170312521022002
170312521022000
170312521022000
170312522012004
170312522012005
170312606002004
170312522013000
170318374002008
170312522022006
170312712001029
170312521021014
170312522023001
170312712001028
170312522023000
170318380002007
170312605001016
170312605001013
170312606002004
170312606002003
170312606002005
170312606002001
170312607002002
170312607002003
170312607002004
170312607002003
170312607002003
170312608001019
170312608001019
170312608001018
170312705001007
170312714001015
170312714001015
170318370001009
170312714001016
170312521021007
170312521021007
170312712001021
170318370001007
170318374001016
170318374001017
170318374001017
170318374001016
170312521021009
170312808001003
170312808001003
170312808001015
170312521021006
170312521021006
170312521021006
170312809001006
170312809001006
170312607002001
170312522022005
170312522022005
170312605001007
170312605001007
170312605001012
170312606001010
170312808001015
170312607002001
170312607002001
170312607002001
170312607002000
170312608001016
170312808001003
170318370001008
170312808001011
170312809001004
170313204001018
170312714001008
170318370001003
170318370001003
170312521021003
170312607001009
170312521021002
170312521021001
170312522022000
170312521011028
170312607001009
170312808001011
170312808001011
170312607001008
170312522024005
170318391001098
170312522024005
170312605001006
170312521011008
170312605001008
170312605001005
170312605001005
170312606001006
170312606001006
170312606001006
170312606001007
170312606001007
170312607001006
170312607001007
170312607001008
170312607001007
170312607001007
170312608001012
170312608001007
170312608001008
170312808001010
170313204001019
170312521024008
170312522024003
170312712001013
170312713001004
170312605001005
170312714001005
170318370002017
170318370002016
170312607001007
170318374001012
170312521024003
170312522021006
170312608001008
170312608001008
170312521024005
170312522011001
170312522011004
170312714001003
170312712001011
170312605001002
170312713001003
170312713001003
170312605001004
170312607001004
170312607001003
170312608001002
170312521011005
170312521011005
170312608001004
170312608001005
170312521011000
170312521024002
170318380001008
170312521011000
170318380001007
170318380001007
170312522011000
170318374001011
170312520002014
170312808001020
170312606001001
170312606001001
170312519002028
170312519002027
170318370002008
170312607001001
170312518001009
170312518001009
170312518001009
170312518001009
170312607001000
170312518005017
170312705001003
170312605001000
170312605001000
170312605001000
170312606001001
170312808001021
170312607001001
170312602001028
170312602001027
170312601001020
170312601001021
170312518001009
170312519001014
170312705001001
170312705001001
170312705001001
170312705001001
170312705001001
170312705001001
170318369002006
170318369002006
170312601001020
170312601001020
170318378001043
170312519002022
170312519004007
170312519001012
170312519004007
170312519004009
170312519004009
170318378001041
170318331001009
170318331001008
170312518001006
170312518001004
170312518005016
170312518005016
170312518003018
170312518001007
170312601001020
170312601001020
170312601001020
170312801002028
170312801002028
170312801002028
170312601001018
170318369001002
170318369001002
170318369001003
170318370002003
170318370002005
170318370002002
170318374001000
170318378001028
170318378001028
170312705001000
170312520002008
170312520002008
170318378002024
170312520002009
170312520002009
170312520002010
170312519004001
170312603001026
170312519002016
170312519002017
170312603001025
170318381002004
170312602001022
170312602001023
170318391001075
170313201001013
170312520002003
170312519004004
170318369001001
170318371002035
170312519001009
170318378001026
170312518001001
170318378002019
170312518005011
170312519002015
170312519004004
170318381002003
170318381002003
170318381002003
170318381002003
170312518003016
170312604001020
170312603001023
170312603001016
170312602001013
170312602001018
170312518005013
170312518002015
170318368002011
170312604001035
170312602001017
170318371001015
170312804001042
170318368001012
170318371002029
170312519001005
170312520001008
170312520001008
170312519003008
170312518003010
170312518003008
170312518003009
170312604001014
170312603001013
170312603001015
170312520001008
170312520004005
170312602001014
170312519003008
170318378001010
170318378001018
170312518002011
170312520001011
170318368001016
170312520001008
170312520004012
170312519001005
170312519002012
170318368002008
170318368001027
170312518002011
170312603001012
170312519003013
170312518004005
170312601001013
170312518005007
170318330001025
170312804001025
170312519001005
170312604001014
170318368002007
170318368002006
170318368002007
170318368002006
170318330002030
170318371001011
170312519001007
170312602001009
170312518002008
170312801001032
170312518002010
170312519003012
170312518004002
170312519001002
170312519001002
170318371001010
170312603001007
170312602001007
170318330001034
170312804001018
170312519002009
170312604001005
170312601001002
170312520001007
170312520001007
170318368001019
170312519003010
170312519002008
170312519002010
170312520001007
170312519003011
170312519003009
170312519003010
170312518004000
170312603001003
170312519002000
170312519003003
170312519002000
170312519002000
170312519002000
170312519003003
170312519002001
170312519002001
170312518002001
170318330001009
170318330001009
170318371002006
170312603001000
170312516003014
170312518002000
170312514004021
170312515002013
170312515002020
170312516002005
170312516003012
170312515004017
170312516003015
170312516002006
170312515002013
170312514004000
170312315005023
170312315005015
170312516002013
170312516002013
170312516002013
170312516002013
170312516002013
170312516002006
170312315005014
170312515002018
170312515002015
170312514004006
170312315005011
170312432002027
170312516003008
170312516003008
170312315003013
170312516002008
170312432002026
170312516002010
170312516002010
170312517001046
170310814031018
170312516002001
170312514002011
170312315005013
170312516002002
170312315005019
170312315002013
170312315003010
170310817002038
170312515002011
170318367001029
170312516003009
170318367002037
170318367002037
170312514002012
170312514002012
170312516003009
170312515004010
170312315003002
170312517001043
170312515002005
170312516002012
170312430002015
170312517001019
170312431002010
170318367001023
170318367001021
170312514004011
170312515002003
170312429002006
170312516003010
170312516001014
170312516001014
170312516001015
170312514003015
170312517001032
170312432002008
170312429002007
170312515004004
170310815002012
170312315005008
170312315006021
170312514002003
170312315003004
170312315003004
170312315003004
170312315001006
170312516003006
170312514002003
170312315006023
170312315006023
170312315006023
170312516001011
170312315006023
170318367001011
170312315006022
170312315006032
170312315006032
170312315006032
170310817002029
170310817002029
170310817002012
170312315001006
170312315001006
170312315006032
170312315006023
170318367001016
170318367002019
170312315004007
170312315001013
170312315004007
170312315006027
170312315001008
170318367001014
170318367001015
170312514003008
170312514001010
170312514001010
170312516001008
170310818002043
170312517001026
170312517001026
170312432001010
170312432001010
170312432001010
170312432002000
170312514001008
170312514001008
170312515003006
170312517001023
170312514001009
170310817002008
170312315006026
170312315004000
170312315001009
170318367001012
170318367001013
170312432001011
170312515003000
170312514001000
170312514001000
170312514003003
170312514001005
170312515003004
170312435002015
170312516001002
170312430002004
170312315006016
170312315006005
170312315006005
170312517001012
170312514003002
170312514003003
170318367001007
170312514001005
170312315001002
170312315006013
170312315006007
170312315006006
170312517001004
170312517001003
170312315004003
170312434001024
170312315006013
170312315001001
170312315006008
170312434001019
170318367001000
170312517001003
170312315006009
170312517001004
170312315001001
170312433001011
170312315006009
170312315006014
170312315001012
170312513005017
170312514001004
170310817001014
170312514001000
170312434001021
170312512003009
170312512003009
170312515001004
170312515001002
170312516003002
170312511003012
170312517001005
170312517001005
170312434001018
170318421002018
170318421002014
170318421003011
170312512002014
170312312003013
170312312003013
170312511003012
170312312003012
170312312003012
170312512002011
170312312002014
170312512002007
170312312002013
170312312002013
170312312002013
170312513002008
170312315004000
170312315001004
170318366001031
170318366001031
170310819001004
170318366001032
170318366001032
170312513002008
170312511002004
170312433001004
170312426003010
170312513002008
170312435002001
170310817001002
170310817001000
170312312003011
170318423001094
170312312003007
170318421005006
170318366001025
170318421003006
170312312005014
170312312005014
170318421002015
170318366001025
170312311001016
170310818002007
170310818002007
170310818002016
170312513002009
170310816002000
170312512001017
170312512001017
170312512003005
170312420002014
170312511002005
170312511002006
170318366001026
170312510001028
170312511002006
170318421002007
170318366001000
170312427001011
170312513005012
170312511003000
170312513002003
170312510001026
170312513002002
170312513005012
170310819001005
170310819001005
170312511003000
170312312003002
170312511002007
170312511003000
170312511003000
170318421005004
170318366001028
170310819001005
170312312005011
170312512003001
170310818002006
170312312002000
170312312002000
170318421002001
170312312003002
170312312002000
170318421003003
170312311001012
170312311001012
170312312002002
170312312003001
170312312003003
170318421005004
170312312005012
170310819001008
170310818002003
170312426003003
170312513003000
170310818002004
170310819001009
170312427001002
170312511001004
170312511001008
170312511001008
170312510001014
170312510001009
170318383001016
170312510001013
170312513004011
170312312004013
170312312003003
170312312003000
170312312001013
170312312001015
170312311001013
170312420001009
170312511004008
170318366001021
170312512004013
170312512004013
170310812011004
170312512004017
170310819001002
170312409001036
170312426004003
170312513005006
170312425002001
170312512004022
170312513001007
170312312004010
170312312004013
170312312005004
170312312005004
170310819001000
170312511004009
170312511001010
170312409001036
170312510001012
170312311001010
170312510001011
170310819001000
170318421006002
170312409001023
170312409001023
170318421001018
170318421001018
170312312004012
170312510001011
170312409001030
170318423001059
170312312001012
170318422001076
170312312004012
170312312001013
170312312004014
170312312004014
170310819001000
170318421006000
170312312004014
170312312001013
170318383002005
170312513005002
170312513004009
170312512004012
170312512004011
170318422001077
170312421001009
170312511004011
170312511004011
170318383001016
170312511004007
170312424001006
170318421001011
170318421001014
170318421001012
170312513004002
170318421004011
170312312005006
170312312004011
170312312001008
170312311001008
170312513001003
170312513004005
170312511004004
170312511004003
170312511004004
170312513001003
170312425001008
170318421001006
170318421001006
170312511001006
170312512004009
170312513001008
170318421004005
170312312005007
170312312005007
170318421004000
170318421004002
170312425001009
170312421002009
170312312005008
170318421004002
170318421004001
170312312005007
170312512001002
170318421004002
170312312004003
170312312001007
170312312005008
170312312001005
170312422001015
170312510001001
170312426002002
170312426002005
170312506003019
170312426002004
170318421004009
170318421004009
170318421004009
170312512004008
170312507003013
170312507003014
170312507003014
170312420003001
170312508002015
170312424001001
170312422001012
170310810006004
170312426002003
170312312001001
170318121002000
170312420003004
170312306006009
170312508002014
170318421001000
170318421004008
170312306005011
170312506003010
170312506003010
170312306002012
170310811003002
170312420003004
170312307003027
170318121002000
170312309002019
170318366002004
170318366002003
170318366002002
170312508002011
170312425001002
170318422001046
170312307002015
170318383002001
170312507002014
170312507002013
170312507002014
170312508002008
170318423001082
170312306005006
170312306005006
170312306005007
170312411002020
170312426001010
170312306002010
170312411002016
170318422001052
170318422001056
170318422001056
170318422001056
170318422001056
170312309002015
170312411001017
170312306005007
170312306002007
170312306005007
170312506002009
170312411001018
170312416002012
170312508002001
170312426001007
170312414004014
170318422001052
170318422001052
170312426001009
170312426001009
170312307003010
170312306005002
170312306005002
170312416002004
170312306005004
170312508002004
170312306002003
170312307002010
170310804002004
170312506002000
170312309003014
170312508002001
170312309002010
170312309002010
170312507002006
170312416002011
170312426001004
170312426001004
170312411002014
170312507002005
170310803002005
170312411001015
170312306004017
170312306002002
170318422001038
170312307003003
170312306004017
170312306001013
170312309003011
170312508001018
170312307003006
170310804003010
170312409001005
170312506004016
170312306006016
170312306001010
170312306001012
170312306001010
170312506004016
170312307003002
170312307004023
170312507005008
170312506004018
170312309001022
170312309001022
170310804001009
170310804002000
170310804001010
170312507001006
170312306003014
170312306004014
170310803001004
170310804003010
170312309001019
170312306004010
170312410002009
170312309003007
170312309001018
170312411002006
170312409001004
170312410002009
170312414001011
170312507004007
170312507004003
170312507005011
170312507005010
170312507001006
170312507001006
170312508001008
170312416001004
170312307001013
170312508001020
170312507005004
170312309001015
170312506004012
170312507005012
170312508001005
170312508001020
170312506001018
170310804001008
170310804001008
170312306006013
170312508001005
170312508001008
170312306003010
170318422001015
170318422001015
170318422001015
170312410001002
170312411002004
170312411001010
170312410002010
170312309001007
170312504004012
170312504003012
170312504003012
170312504003012
170312411001010
170312504002022
170312504002023
170312504002023
170312507004001
170312503003015
170312503003014
170312503003014
170312503003014
170312414001007
170312507005001
170312503002013
170312503002014
170312508001004
170312502002015
170312502002015
170318313001014
170312505003019
170310802011000
170312306003002
170312306001000
170312504003007
170312504005014
170312307004006
170312309001003
170312309001003
170310802011000
170312503002001
170312503002006
170312409001000
170312410001001
170312411001002
170312411001002
170312502001023
170312305002012
170312305002012
170312502002011
170312305002014
170312302001024
170312302001024
170312502002012
170312406001014
170312502002012
170312408001003
170312407001018
170312405001016
170312406001021
170312408001002
170312503002006
170312502002004
170312504005004
170312504005021
170312304002006
170312503003002
170312503003007
170312302001013
170312503003006
170312503003007
170312504003000
170312503003007
170312305001004
170312305002009
170312304002003
170312304002003
170312502001015
170312302001007
170318423001015
170318423001015
170312305001002
170312305001003
170312504001005
170312504001005
170312304002004
170312305001001
170312504001005
170312406001009
170312504005004
170312406001004
170312304001000
170312302001002
170312502001012
170312406001004
170312408001001
170318324001011
170318312003017
170312228001010
170312503004004
170312503004005
170312229001018
170312225001012
170318312001006
170318324002012
170312228001011
170318312002018
170312227001010
170318324002006
170318312003005
170312229001022
170318324001005
170318312003005
170318312001007
170318312003009
170318312001008
170312226001000
170312226001008
170311911003011
170312505005009
170312227001002
170312004021013
170318312003002
170312209012008
170312004011012
170312211002028
170311911003002
170311911003000
170312214003006
170318324002000
170311911003007
170312209011009
170318315002015
170312212001008
170312209011007
170312209012006
170312214003008
170312209013010
170312004012015
170312004022012
170311913021026
170311913022028
170311912001021
170312216001032
170311913013015
170311913012005
170312004012013
170312209011004
170311913012017
170312212001007
170312213002006
170312212001011
170311913012016
170312209013003
170311910002008
170311910002008
170312505005001
170312209012001
170312210002003
170311911001008
170311913012000
170311913012010
170312212001001
170312004022004
170312214001012
170311913022014
170311913013010
170318325002019
170311913021018
170311913022014
170318316004001
170312214001014
170312004023002
170311911005006
170312213001013
170311911005007
170318323001032
170318323001032
170318325001012
170312004023009
170312209021015
170312211001020
170312004023003
170312214002004
170318322001007
170312211003008
170311911005000
170311913011023
170312210001008
170312210001008
170312210001008
170311913021008
170311913021010
170312003001010
170312209021007
170312209021007
170312209021009
170312209021008
170312209022007
170311911005002
170311911005002
170318316004013
170318316004013
170310713002000
170312209022009
170312209022009
170311913011000
170311906023021
170318316006014
170311907023020
170312216001006
170311906023016
170312207022019
170311906021014
170312207011009
170312207011008
170312207012008
170312206012016
170312211001003
170311906021015
170312203002016
170318309001024
170318325001003
170312207012006
170312207012006
170312207012006
170311908003014
170310703002015
170318309002017
170311907021007
170311906023015
170310701012003
170311907022008
170312207013005
170312002002007
170311908002008
170312207013001
170312203002007
170310707001013
170311908004006
170311908002003
170312002001011
170312002001011
170311908001013
170312206023009
170312206023012
170310704003008
170318309001015
170312002004006
170312002004006
170312207023002
170311908005002
170311908005002
170312205003004
170310707002001
170311801002019
170312207024008
170312205003009
170312205001006
170311906011000
170311904012031
170312206025002
170311903004016
170311903004022
170312206023000
170318315001029
170311902004015
170318315001029
170312001003031
170312001003028
170312105021018
170312105021012
170311903004023
170311902004012
170312106022009
170312107002018
170311903004005
170311904022018
170312001002014
170311901001011
170310701013008
170311901001023
170312109002001
170312109002004
170312107002006
170312109002005
170312106021006
170310514002009
170312106021008
170312106023017
170311904012003
170312109002005
170311902003016
170310627002002
170312105022003
170311901001021
170312107003025
170311903003009
170311903003014
170312105023001
170311902003006
170312106023008
170312106023005
170311902003007
170310514002006
170311904012013
170312107003017
170310514002000
170312106021000
170311901001019
170312105022000
170312107003020
170312104001015
170312001003004
170312106023008
170310514001010
170311904021025
170312108001006
170312105012009
170312108001008
170311801001014
170312107003003
170312105012004
170312105011011
170312106012004
170312105012012
170312106013011
170312106013005
170312105011004
170312106013004
170311711002023
170312107001003
170311511003015
170310632005003
170311510024004
170311510024000
170311612002004
170318311004024
170318311001026
170311711002017
170318437002007
170310621003006
170310630001002
170311613002015
170310622001015
170311510021007
170311710002003
170311613003002
170311511003002
170318311003019
170311708002006
170311708002006
170311710004012
170311510011003
170312101001000
170318311002012
170318311002011
170311510011002
170311612001015
170310620002001
170310619011004
170311710001006
170310618001000
170311704003025
170311510022005
170318320001004
170318320001004
170318320001004
170318320001004
170312101003002
170311506003011
170318320001012
170318320001004
170310604003013
170311506002007
170311508004010
170311508004011
170310609005000
170318317001042
170311609002013
170311703001006
170311508002006
170311610001016
170310611001002
170311607005014
170311608004003
170311507004007
170311704001009
170311506001005
170311504021018
170310604003001
170311506001001
170310603001000
170310603001000
170311610001006
170311608005002
170311608005001
170311605022020
170311606022011
170311606021014
170318321003001
170310321005005
170311606023013
170311605022018
170311605021002
170311605021001
170310321005000
170311605023001
170311606022002
170311606023012
170311502001004
170311705002000
170311606012008
170310502002022
170311502005004
170310601001006
170311605011004
170310502001007
170310502001005
170311606011003
170311606011002
170311408004015
170311408004015
170310321002002
170311406011029
170310317004003
170311406022011
170310314004002
170310315021007
170311407023006
170311407023006
170311407024002
170318307004007
170310315021003
170311408003011
170310317003000
170318307004000
170311503001017
170310315022000
170310408002004
170310317003001
170318307004003
170310317003000
170310315022002
170310317003000
170310315023000
170318307004004
170311407021001
170310314006004
170310315023000
170310315023000
170311503001010
170318307003007
170318307004006
170311407023004
170318307004000
170311407011012
170310406002014
170318307003007
170318307003007
170311408001002
170310318001015
170310407002008
170310317002001
170318307003006
170310315011001
170311406022001
170318308001006
170310317001004
170311406023004
170311407011007
170310315012004
170311406021002
170311406021004
170310317001003
170311105021006
170311204003023
170318307002004
170310315012002
170311406023000
170311402003019
170311407012001
170311401002004
170311408005005
170318307002000
170310315012002
170311404001016
170310310002013
170311401002005
170311401002005
170310315012000
170311402003017
170311404004011
170311103005016
170311105022027
170310312001000
170310402011018
170310312002007
170311403022012
170311401002001
170311401001004
170311401001004
170311402001009
170311401002001
170311401001004
170311402001007
170310313001002
170311403021002
170311403021002
170311403023005
170311104001005
170311401001007
170311401001000
170310404011011
170310312002003
170310312003009
170318318005027
170311105013024
170310310002000
170311104001018
170311104001018
170310312003008
170318318004014
170310312003007
170310311001000
170317608031001
170310313005000
170310308004003
170310308004003
170310307031006
170310402022003
170311102001023
170317608011018
170310307031003
170311105012007
170311005005018
170310403001016
170310402024013
170311006004048
170310309003003
170310307033005
170310307033000
170310307021000
170310307021000
170310402023000
170311006001018
170310306031004
170310306031001
170310305004013
170310306032002
170310208011004
170310304002001
170311001005023
170310306011000
170310305002011
170310306013002
170310306011001
170310306012001
170310306012001
170310208012009
170310305001004
170311301003036
170310301012000
170310209022012
170310301011002
170310301011002
170310209022010
170310208021004
170311301003000
170310301011001
170310301022002
170310209012004
170310301022004
170310301022004
170310301022004
170310301023000
170310301023000
170310207022008
170310301023000
170310207022008
170310209013004
170310301031000
170311301003002
170310303001018
170311203005016
170310208024005
170310302004010
170310209011008
170310302001005
170310105031014
170310302001000
170310206012009
170310206012009
170310206023006
170310206023006
170310106003008
170311002001016
170310206013002
170310206023004
170311002001004
170310205003007
170310206022001
170318306003004
170318306002019
170310105021011
170310205003004
170310104003010
170310106001019
170318306002001
170310203013025
170310104001003
170310107023007
170310105022004
170310204003007
170310204003000
170310106001006
170310105013001
170310203023012
170310107021012
170310203023008
170310107021009
170310107021009
170310104002000
170310203023005
170310107021003
170310107021002
170310107024003
170311201004004
170310104002000
170310102022010
170310102022009
170310103003000
170310202001007
170310102022001
170310102011002
170310103001003
170310103001003
170310201001002
170310103004002
170310102021011
170310102021009
170310201002001
170310102012028
170310102021007
170310102012018
170310102012021
170310102012010
170310103002012
170310103002008
170310102021000
170310102012002
170318102003013
170318102003013
170310102012006
170310101002011
170310101003011
170310101003008
170310101003008
170310101002012
170310101001003
170310101002004
170310101002007
170310101003004
170310101002006
170310101002010
